genomator_split2_120_1.5_0_1_tinicard_0.99_.vcf.pickle
0.17895921343885948 0.1794766155489433
0.17994977929262976 0.18060578316929884
1.0055496101790573
1.0051079518589061
0.000990565853770307
0.000915541313801782
genomator_split2_150_1.1_0_1_tinicard_0.99_.vcf.pickle
0.18727157171094344 0.18780804150453956
0.18801414798959948 0.18855573357747768
1.0039952320276884
1.003611886521677
0.000742576278656065
0.0006866559853513365
genomator_split2_150_1.3_0_1_tinicard_0.99_.vcf.pickle
0.18484051214250075 0.18545052262149997
0.1855749531199459 0.18622110322728314
1.0040166012010414
1.0035009424017844
0.0007344409774451666
0.0006561379415579438
genomator_split2_150_1.5_0_1_tinicard_0.982_.vcf.pickle
0.17473979833228154 0.17512016479743647
0.17564157666646923 0.17601281757839324
1.0051991965981788
1.0047265222203385
0.0009017783341876926
0.0008239871824216038
genomator_split2_150_1.5_0_1_tinicard_0.986_.vcf.pickle
0.1782777951249619 0.17894254978255894
0.1790719985735496 0.1797436484321355
1.0045138605857724
1.0042244006176562
0.0007942034485876993
0.0007629510948348184
genomator_split2_150_1.5_0_1_tinicard_0.994_.vcf.pickle
0.19198466553613402 0.19274433508812086
0.19266335684831484 0.19330128938735028
1.0035800890898443
1.0031300163825645
0.000678691312180819
0.0006103608758678547
genomator_split2_150_1.5_0_1_tinicard_0.99_.vcf.pickle
0.18301008155776577 0.18383306630045015
0.18381790478029084 0.18458838788433662
1.0044330036350602
1.0039404787969572
0.0008078232225250465
0.0007324330510414256
genomator_split2_150_1.7_0_1_tinicard_0.99_.vcf.pickle
0.18157781759911237 0.18239108873121232
0.18233418732667545 0.18310826276035705
1.0042017842937543
1.00378908273775
0.0007563697275630836
0.0007019150072480329
genomator_split2_150_1.9_0_1_tinicard_0.99_.vcf.pickle
0.18012109593902828 0.18098725871671625
0.1809110367335358 0.1818036163881895
1.0044102742442047
1.0041470244206343
0.0007899407945075323
0.000747692072938122
genomator_split2_180_1.5_0_1_tinicard_0.99_.vcf.pickle
0.18549881340385635 0.18648050659952697
0.18617162718943198 0.18706034943160144
1.0036648191199398
1.0035274863868424
0.0006728137855756415
0.0006561379415579438
genomator_split2_90_1.5_0_1_tinicard_0.99_.vcf.pickle
0.17354992369270278 0.17428854810406652
0.17494358610414992 0.1755855649652857
1.00812734932063
1.006966052061995
0.0013936624114470949
0.0012054627298390408
