crbm_split2_bigger.vcf.pickle10001.pickle
0.22260831589880392 0.22252994583047225
0.22423464183102412 0.22385748073548487
1.0079042606302289
1.0060353419667305
0.0016263259322202043
0.001373311970702673
crbm_split2_bigger.vcf.pickle12001.pickle
0.2208557952960775 0.2191958495460441
0.22219335155153294 0.22005798428320744
1.0068024062305583
1.0054201096460464
0.0013375562554555265
0.001205462729839013
crbm_split2_bigger.vcf.pickle14001.pickle
0.22298053182810157 0.22192721446555275
0.22428288081558254 0.22294956893263143
1.0069721573265151
1.0061135283380147
0.0013023489874810204
0.0012970168612191912
crbm_split2_bigger.vcf.pickle16001.pickle
0.22482688566531894 0.2235294117647059
0.22606541976569847 0.22464332036316473
1.006431098958346
1.005445780748297
0.0012385341003795006
0.0012359807736324058
crbm_split2_bigger.vcf.pickle18001.pickle
0.2241375514291195 0.2223620965896086
0.22568653410817965 0.2236896314946212
1.008577000290447
1.0065477350208303
0.0015489826790601126
0.0014801251239795477
crbm_split2_bigger.vcf.pickle1.pickle
0.2287520892794159 0.2243839169909209
0.22883490786451455 0.22447547112230107
1.0003703787166152
1.000413239440885
8.281858509866312e-05
9.15541313801782e-05
crbm_split2_bigger.vcf.pickle20001.pickle
0.22502122186252208 0.22410925459678036
0.226459981874427 0.22530708781567102
1.0075832391762474
1.005760053297995
0.001438760011904962
0.0012741283283741606
crbm_split2_bigger.vcf.pickle2001.pickle
0.2225357197614815 0.22590981918059053
0.222830019614912 0.2259708552681773
1.0013833249272917
1.0012221799506404
0.0002942998534305135
0.0002746623941405346
crbm_split2_bigger.vcf.pickle4001.pickle
0.22186719605234967 0.22140840772106507
0.2225114479227377 0.22159914549477377
1.0037954536100628
1.00496977659538
0.0006442518703880164
0.0010223544670786566
crbm_split2_bigger.vcf.pickle6001.pickle
0.22170176607334421 0.22007324330510414
0.22292625992354398 0.22095826657511253
1.0061331944821021
1.0057736628727416
0.0012244938501997926
0.0012664988174257985
crbm_split2_bigger.vcf.pickle8001.pickle
0.22248260873698444 0.22208743419546806
0.22410637220166965 0.22334630350194554
1.007892116122584
1.006458960286201
0.001623763464685236
0.001449607080186155
genomator_split2_100_1.0_0_1_tinicard_0.99_.vcf.pickle
0.1779950248519741 0.1788738841840238
0.17918662710046168 0.1799801632715343
1.006734234135667
1.0063832760395672
0.0011916022484875649
0.0011367971313038794
genomator_split2_125_1.25_0_1_tinicard_0.99_.vcf.pickle
0.1782879657749402 0.17904936293583582
0.1791849512893508 0.17989623865110246
1.0050539389943927
1.004747880391903
0.000896985514410635
0.0008545052262149966
genomator_split2_150_1.5_0_1_tinicard_0.99_.vcf.pickle
0.18074228255467228 0.18132295719844357
0.18148151025803594 0.18197909514000152
1.0041114669848945
1.0039476489880639
0.0007392277033636395
0.0007171740291447293
genomator_split2_175_1.75_0_1_tinicard_0.99_.vcf.pickle
0.18145307631387858 0.1822613870450904
0.18218528389215236 0.18298619058518348
1.0040655245143821
1.0038972897379022
0.0007322075782737856
0.0007019150072480329
genomator_split2_200_2.0_0_1_tinicard_0.99_.vcf.pickle
0.18271824362320357 0.18353551537346455
0.1833198262957798 0.18412298771648739
1.0033080549996072
1.0030651013534406
0.0006015826725762472
0.0005645838101777656
genomator_split2_225_2.25_0_1_tinicard_0.99_.vcf.pickle
0.18234239880111863 0.18319981689173723
0.1828537710381327 0.18365758754863815
1.0028364120532238
1.0027396184273152
0.0005113722370140484
0.0005035477225909801
genomator_split2_250_2.5_0_1_tinicard_0.99_.vcf.pickle
0.18238830383783905 0.18301670862897687
0.18288236951647183 0.18347447928587776
1.0027268464928953
1.0026610763426402
0.0004940656786328112
0.0004882887006942838
genomator_split2_50_0.5_0_1_tinicard_0.99_.vcf.pickle
0.16800659648004101 0.16821545738918137
0.17025333206093568 0.17046616311894408
1.0134549501982364
1.0129340579191775
0.002246735580894631
0.0021820401312275806
genomator_split2_75_0.75_0_1_tinicard_0.99_.vcf.pickle
0.1740419326940632 0.1746318760967422
0.17559535170217316 0.17627985046158542
1.0089808172371242
1.0084747532561997
0.0015534190081099512
0.0014801251239795615
x
0.1758225063747855 0.18181124589913786
0.1845922544376088 0.1824979018844892
480.137429138857
1.0014247477954972
0.008769748062823296
0.0002746623941405346
wgan_split2.vcf.pickle1000.pickle
0.19486564077776158 0.19092088197146562
0.1950829173056077 0.19108873121232928
1.0016269181995738
1.0007238547753146
0.0002172765278461305
0.0001373311970702673
wgan_split2.vcf.pickle1040.pickle
0.19907664940642159 0.19426260776684215
0.19928025131560312 0.19427786678873885
1.0015278608972864
1.000956793528713
0.00020360190918151957
0.0001831082627603564
wgan_split2.vcf.pickle1080.pickle
0.19567325985602405 0.19118028534370946
0.19582052708951705 0.19111924925612267
1.0011996008564192
1.0004061688437664
0.00014726723349301664
7.629510948348184e-05
wgan_split2.vcf.pickle1120.pickle
0.1967052791828184 0.1913939116502632
0.19683745802245511 0.19143968871595332
1.0009295466956751
1.0007899518326573
0.00013217883963669865
0.00015259021896696368
wgan_split2.vcf.pickle1160.pickle
0.1989392115668261 0.1944609750514992
0.1991035598859327 0.19462882429236286
1.0011325593338984
1.0003260354455172
0.0001643483191066112
6.103608758678547e-05
wgan_split2.vcf.pickle1200.pickle
0.1985683789434273 0.1935759517814908
0.19874231594901734 0.1936522468909743
1.0009948767634929
1.001109790776444
0.0001739370055900186
0.00021362630655374915
wgan_split2.vcf.pickle1240.pickle
0.19907691144234074 0.19432364385442893
0.199200699038706 0.1944914930952926
1.0015056002492022
1.0008432301177574
0.00012378759636523265
0.00016021972991531186
wgan_split2.vcf.pickle1280.pickle
0.19475143272709192 0.1901426718547341
0.1949789560781486 0.19040207522697794
1.0016857123720455
1.0009606295110607
0.00022752335105671127
0.0001831082627603564
wgan_split2.vcf.pickle1320.pickle
0.1924347396496421 0.18923476005188067
0.19269951171129931 0.18950179293507285
1.0020718270602567
1.001814560954661
0.00026477206165717376
0.0003204394598306237
wgan_split2.vcf.pickle1360.pickle
0.19174169120663517 0.18826581216144045
0.19193330649598012 0.18835736629282063
1.0013377605280214
1.0003381501032165
0.0001916152893449374
6.103608758678547e-05
wgan_split2.vcf.pickle1400.pickle
0.19331886407550924 0.19029526207370107
0.19348585712924174 0.190600442511635
1.0015313341424474
0.9999565859164713
0.00016699305373247595
-7.629510948348184e-06
wgan_split2.vcf.pickle1440.pickle
0.19345078392615608 0.19081406881818874
0.19365654915513525 0.19089036392767222
1.001206411528611
1.0007667302787209
0.00020576522897917376
0.00015259021896696368
wgan_split2.vcf.pickle1480.pickle
0.19604224604027162 0.1942549782558938
0.19620147856509618 0.1944914930952926
1.0022629357119963
1.000456249361975
0.00015923252482455186
9.15541313801782e-05
wgan_split2.vcf.pickle1520.pickle
0.1961962957383697 0.19343862058442055
0.19636325527587992 0.19365987640192264
1.001499347206317
1.0003410765834935
0.00016695953751025912
6.866559853513365e-05
wgan_split2.vcf.pickle1560.pickle
0.19439106630581274 0.19217212176699475
0.19452613058748938 0.19214160372320135
1.0013886883466283
1.00135442524471
0.00013506428167666935
0.00025177386129549006
wgan_split2.vcf.pickle1600.pickle
0.1915466907788463 0.18964675364309147
0.19173830911512052 0.18978408484016174
1.0015032772809707
1.0007217738115046
0.00019161833627422953
0.00012970168612191912
wgan_split2.vcf.pickle1640.pickle
0.1898035973753507 0.18754863813229572
0.18995973726694343 0.18773174639505608
1.0009323029825499
1.0011714545654868
0.00015613989159269303
0.0002288853284504455
wgan_split2.vcf.pickle1680.pickle
0.19198626212708328 0.18958571755550468
0.19214648490392788 0.18987563897154192
1.0016065911011403
1.0001345895020188
0.00016022277684460575
2.288853284504455e-05
wgan_split2.vcf.pickle240.pickle
0.2161488166579768 0.21042191195544366
0.21619575155679804 0.21057450217441062
1.0003971137959202
1.0004325103627894
4.693489882122856e-05
9.15541313801782e-05
wgan_split2.vcf.pickle280.pickle
0.2055447013777727 0.19989318684672314
0.20561134686218688 0.20027466239414055
1.000958654766971
0.999537547731375
6.664548441422588e-05
-9.15541313801782e-05
wgan_split2.vcf.pickle320.pickle
0.20674136152888573 0.20157167925535974
0.2067308282943216 0.20164034485389487
1.0010411643715362
1.001730276532571
-1.053323456407406e-05
0.0003356984817273201
wgan_split2.vcf.pickle360.pickle
0.20902205513674496 0.2051422903791867
0.20910849956770164 0.20541695277332722
1.0015208760217071
0.9953875273767165
8.644443095670451e-05
-0.0009384298466468266
wgan_split2.vcf.pickle400.pickle
0.20933842389904087 0.20415045395590142
0.20939026740095223 0.20434882124055848
1.0005548010925158
1.000791577082734
5.184350191139986e-05
0.00016021972991531186
wgan_split2.vcf.pickle440.pickle
0.20475083918526574 0.199649042496376
0.20479738407713752 0.19992370489051653
1.0009974915608764
0.999204014847501
4.6544891871791874e-05
-0.00015259021896696368
wgan_split2.vcf.pickle480.pickle
0.2065100081877084 0.20018310826276037
0.20661076099862255 0.20033569848172733
1.0007548051677015
1.000442678679541
0.00010075281091414965
9.15541313801782e-05
wgan_split2.vcf.pickle520.pickle
0.20390721149662483 0.19726863508049133
0.20399384483719765 0.1974517433432517
1.0006722635669634
1.0004251876471486
8.663334057283738e-05
8.392462043183002e-05
wgan_split2.vcf.pickle560.pickle
0.20895557418651253 0.20836194399938965
0.20896289900453163 0.20833142595559626
1.0021178943123017
1.0001989046955935
7.324818019101052e-06
4.57770656900891e-05
wgan_split2.vcf.pickle600.pickle
0.20121800389080682 0.19496452277409018
0.20128560611101887 0.19505607690547036
1.0005056716322067
1.0003660214368608
6.760222021206116e-05
7.629510948348184e-05
wgan_split2.vcf.pickle640.pickle
0.20087823166461546 0.19510185397116045
0.20097916424435786 0.19508659494926375
1.0011959507957429
1.0009704366043257
0.00010093257974240492
0.00019836728465705278
wgan_split2.vcf.pickle680.pickle
0.20157385171594525 0.1956816968032349
0.2017375053351732 0.19563591973754482
1.0013613183218775
0.9999202689698095
0.00016365361922792703
-1.5259021896696368e-05
wgan_split2.vcf.pickle720.pickle
0.19942476412501572 0.19352254520485238
0.19956478271372197 0.1935912108033875
1.000837159196859
1.0011143055474387
0.00014001858870622738
0.0002288853284504455
wgan_split2.vcf.pickle760.pickle
0.20006700806900002 0.19417105363546197
0.20022595418247108 0.1944151979858091
1.000941164655595
1.0009401442073727
0.00015894611347105921
0.0001831082627603564
wgan_split2.vcf.pickle800.pickle
0.19891535411046604 0.19374380102235447
0.19908714912476347 0.19385061417563135
1.0009742049732515
1.0009831493449421
0.00017179501429741094
0.00019836728465705278
wgan_split2.vcf.pickle840.pickle
0.19578052395483622 0.19076829175249865
0.19597358653559507 0.19087510490577553
1.0011270640282945
1.0008963785779543
0.00019306258075886093
0.0001831082627603564
wgan_split2.vcf.pickle880.pickle
0.1983689696089522 0.19314869916838331
0.1985046676519217 0.19334706645304037
1.0012317977088836
1.0003182043861067
0.00013569804296950338
6.103608758678547e-05
wgan_split2.vcf.pickle920.pickle
0.1968881924421041 0.1917677576867323
0.1970730405014904 0.19185168230716412
1.0010272583813948
1.0008724708080123
0.00018484805938635823
0.00016784924086366004
wgan_split2.vcf.pickle960.pickle
0.20173146936824482 0.19650568398565652
0.20192927906484134 0.19667353322652018
1.0013911260938895
1.001213191597695
0.00019780969659653159
0.00023651483939880757
markov_split2_10.vcf.pickle
0.2043067309593123 0.19937438010223546
0.20438767568289606 0.19948119325551233
1.0004367744914606
1.0003089763427129
8.094472358379355e-05
6.103608758678547e-05
markov_split2_130.vcf.pickle
0.1981578783475698 0.1930495155260548
0.19827145873080526 0.19331654840924697
1.0007126781621485
1.0005628861952531
0.00011358038323545373
0.00011444266422522276
markov_split2_170.vcf.pickle
0.19615965946055702 0.1910429541466392
0.1964071005883986 0.19116502632181276
1.0013665206452913
1.0011184476991342
0.00024744112784159684
0.00021362630655374915
markov_split2_210.vcf.pickle
0.19375237508138346 0.1893034256504158
0.1940635823454579 0.1892729076066224
1.0017238940370408
1.0012372016374145
0.0003112072640744369
0.0002441443503471419
markov_split2_250.vcf.pickle
0.19244249103776218 0.18819714656290532
0.19281371671503972 0.1884946974898909
1.0020820747406645
1.0019508426726254
0.00037122567727753704
0.0003662165255207128
markov_split2_290.vcf.pickle
0.1909659369149134 0.187182421606775
0.19168217553676534 0.1876249332417792
1.0038998474228533
1.003142223909479
0.0007162386218519434
0.0005951018539711583
markov_split2_330.vcf.pickle
0.18968881954890335 0.18689250019073778
0.19069779494945877 0.18754863813229572
1.005498584210234
1.0039011784987104
0.0010089754005554183
0.0007629510948348184
markov_split2_370.vcf.pickle
0.18895560648396303 0.18564126039520867
0.19016439341366015 0.18655680170901046
1.0067490823803635
1.0044125373290589
0.0012087869296971037
0.0008392462043183002
markov_split2_410.vcf.pickle
0.18683265545250435 0.1847104600595102
0.18864643761558525 0.18581673914702068
1.0102690839116568
1.0057574784276955
0.0018137821630809187
0.0010986495765621385
markov_split2_450.vcf.pickle
0.18611040523915837 0.18420691233691922
0.1884314858947893 0.18565651941710537
1.0133216281353024
1.0062293000111335
0.0023210806556309325
0.0011673151750972999
markov_split2_490.vcf.pickle
0.18494246239662684 0.18377965972381172
0.18778642354120947 0.1855039291981384
1.0167679336686775
1.0072777578299923
0.0028439611445826457
0.0013656824597543388
markov_split2_50.vcf.pickle
0.20129335749913893 0.1961394674601358
0.20141355581279763 0.19627679865720607
1.0006779964647115
1.000470502508855
0.00012019831365870146
9.15541313801782e-05
markov_split2_530.vcf.pickle
0.18340731887041312 0.18342870222018767
0.18690552886039238 0.18518348973830778
1.0219587166946515
1.0074055793206829
0.0034982099899792587
0.001373311970702673
markov_split2_570.vcf.pickle
0.18270054705787292 0.1828641184100099
0.18676644263204967 0.18492408636606394
1.0266428492006585
1.0076080131678846
0.0040658955741767625
0.0014343480582894585
markov_split2_610.vcf.pickle
0.18168911583230776 0.18257419699397268
0.18614894584777883 0.18439765011062792
1.0299905341839608
1.0064586062583811
0.0044598300154710885
0.0012207217517357094
markov_split2_650.vcf.pickle
0.18111789581013096 0.18200198367284656
0.1862558016580658 0.18440527962157627
1.0364269336596412
1.0076466395938926
0.005137905847934828
0.0014190890363927622
markov_split2_690.vcf.pickle
0.180397458519714 0.18169680323491263
0.18588514880349524 0.18420691233691922
1.0410617114558334
1.007243225824301
0.005487690283781244
0.001327534905012584
markov_split2_90.vcf.pickle
0.19986732755781791 0.19464408331425956
0.1999580255020669 0.19470511940184634
1.0005460809178688
1.0003461764911412
9.069794424899407e-05
7.629510948348184e-05
